390866277125586955
407153720917491713
445049737947774976
830605912875073606
355898393635061771
645582579000410122
376170714685767680
803231106107179028
621401697268269064
802209722299318344
379958989124927498
253811754054844416
850025767563034684
775562598199328792
704169541592416326
761376083366379551
704115382784491541
654245768055619584
819847583375425567
688324525347307570
720838239165874239
762651147583356929
696938162710118421
402075873790001153
472652198388695040
640252495565684747
745869450536026194
857933211984330752
850741817192218654
798497040790716428
565527996513910794
553153223024705556
473416606681399296
791817606977552394
402056112704061441
707759820333121597
806933920581943377
859303667064897556
822744996632461323
503886859064180746
853459301158748160
511155973008654336
846647403662147584
792357411519856660
646539892645691404
808651543213244477
768378763653283860
803307313401954324
781757688970739766
737657371295350856
864806424289869825
830605912875073606
253811754054844416 (중복 가능성)
812079563031052340
622760803887480890
556467043776462860
619805850701398021
348748146911739904
681348070260211713
355343859439632386
816287619235315712
806432617671032842
599470683851980810
826024711053901835
827546355840319488
684977848477679616
812991604011827210
777010332509274112
705045318680445028
843783771139997726
801776768402718751
781429980445671444
457753162535665684
859568772105109515
417935062353575937
859326515766099999
749529501368713228
607559065056313382
754527746478309387
660312767722422302
723825236591509505
800232428609470484
808651543213244477 중복 가능성
768378763653283860
699866124459704341 중복 가능성

















